0.9784676751156174        1     0.021767527831568635
0.9991994885669384        1     0.0008008320134357426
0.43098568890914035       1     0.8416803938168125  
0.9983686835880303        1     0.00163264845744319 
0.8387397049089484        0     1.8247354798183928  
0.014661977945014858      1     4.222497670409479   
0.6190309585584886        0     0.9650371632159136  
0.0031991427359590006     1     5.744872400079547   
0.9953071439734509        1     0.004703902047197128
0.3074604427506637        1     1.1794088414718433  
0.9744889785501069        1     0.025842069949574494
0.997285069383344         0     5.908988881482289   
0.999003882490243         1     0.000996613964515889
0.5819600822175077        1     0.5413534208580539  
0.8470592110426993        1     0.1659846799934013  
0.38823349097933524       1     0.9461483394817884  
0.9999536582634299        1     4.6342810381592666e-05
0.9240639985974001        1     0.07897394718769386 
0.5079376130541022        0     0.7091497677930517  
0.997320570545426         0     5.92215139720801    
0.9967624795161787        0     5.732947524927443   
0.42259242570708627       1     0.8613470970391582  
0.3853299077168657        1     0.9536554084655743  
0.06749990941083338       0     0.0698860303176118  
0.15347313650132788       0     0.1666133431237404  
0.31544493421411146       1     1.1537711472129157  
0.9956759446952292        0     5.443561589099467   
0.6303224595264368        0     0.9951241655650587  
0.8949041972227436        1     0.11103860864593283 
0.9905116057377448        1     0.00953369586245844 
0.9990587243116819        1     0.0009417189664653121
0.9139895867037403        1     0.0899361006960177  
0.9427689798867137        1     0.05893401057566709 
0.8501209555005752        0     1.8979266801808892  
0.11295873393237854       1     2.1807327134057304  
0.8435184554756829        0     1.8548172023179808  
0.9033259800599837        0     2.3364105792177803  
0.0022940799120860543     1     6.07742342562186    
0.9864218824970749        0     4.299295789220172   
0.994724626314228         1     0.00528933760109898 
0.9947307180847615        0     5.245861184680997   
0.13917393964484362       0     0.14986281545672528 
0.014405753024829231      0     0.014510523298680996
0.8977640443686444        0     2.2804718467316225  
0.9905870792086652        0     4.665671981268689   
0.26567980625005794       1     1.3254634311744586  
0.4617473805182186        0     0.6194272760857235  
0.9832164249176885        0     4.08735454447949    
0.5698306098128995        1     0.5624161380858526  
0.20745084861748248       1     1.572860841503107   
0.8126570849399654        0     1.674814571057268   
0.48902230591019485       0     0.6714293412188477  
0.5743773927956636        0     0.8542022239341948  
0.9893298230163264        1     0.010727511533360953
0.29683400768968465       1     1.2145821930881262  
0.028744771213726907      0     0.029165993751040807
0.8663778814563121        0     2.012739473621063   
0.8477439597920031        1     0.16517662298908758 
0.060200515849856154      0     0.062088741206800906
0.9881890419187619        1     0.011881261562589477
0.7243709166329044        1     0.3224517019940464  
0.9693572194873672        1     0.03112208746340553 
0.07800339536412107       1     2.551002922930717   
0.1786464443818759        1     1.7223465974150847  
0.9342799149025703        1     0.06797919089629814 
0.9550331726544551        0     3.1018302311543016  
0.21552380489749276       0     0.24273905130703374 
0.8615877836251508        0     1.97751897108961    
0.2334872644534729        0     0.26590396561387364 
0.02522327985824251       1     3.679987907010455   
0.15778696815431908       0     0.17172228979805548 
0.9156385357213238        0     2.472644566022485   
0.9772120816895482        1     0.02305157609582717 
0.5720835884506846        1     0.5584701646237785  
0.0026122237446974316     0     0.00261564155449699 
0.8151650993206402        0     1.6882922811156529  
0.7052681239138672        0     1.2216892305607605  
0.14607890924447878       0     0.15791648904637048 
0.9826213362652503        1     0.017531445392912987
0.74470469220719          1     0.2947675254834669  
0.40532413465844147       0     0.519738786006233   
0.47670917502644766       1     0.7408486699952859  
0.11761810882777575       1     2.1403122687415888  
0.07269715970903017       0     0.07547507821184585 
0.17979779494869938       0     0.198204377596555   
0.9119668964757056        0     2.430042358828102   
0.0102819065843652        1     4.577369570746525   
0.5953702954959983        1     0.5185717216416521  
0.001808489500074381      0     0.0018101267915243849
0.9712141868948704        1     0.02920825119002804 
0.07831042432396475       1     2.5470745517182674  
0.12011353549109265       0     0.12796239743688614 
0.9822249632853627        0     4.029960237773879   
0.00358041298812824       1     5.632277125410602   
0.9998072262690926        1     0.0001927923141513683
0.999272161416469         0     7.225431260271394   
0.01116207687036886       0     0.01122484033451279 
0.055459471079725084      1     2.8921027758085165  
0.08419709502499688       1     2.4745948592197986  
0.4237552160840634        1     0.858599311020314   
0.8689376691178508        1     0.1404838834263699  
0.00026180524301021513    1     8.247909677912022   
0.017331729275346063      0     0.017483681990261676
0.9896495436789956        0     4.570724671256717   
0.9511747335161801        1     0.05005749670417667 
0.998971710445554         0     6.879858483861045   
0.5493843634392356        1     0.598956966885008   
0.0073986497526044165     0     0.007426155516004744
0.017311050013432663      0     0.017462638221020902
0.0030989014366493268     1     5.776707605571203   
0.860709722827744         0     1.9711951983907463  
0.9998757790144234        1     0.00012422870164226213
0.06449570682074586       1     2.7411566183143554  
0.9952894720718115        1     0.004721657429173959
0.9995032288303336        1     0.0004968946013437967
0.8917676756229003        1     0.11454963366354447 
0.8761143707942066        0     2.0883964841136584  
0.9017269834259205        1     0.10344348386477749 
0.0045334197202460975     1     5.396278719153163   
0.9986493908207409        1     0.0013515220739051662
0.17904626575993068       1     1.7201110386058898  
0.0026481031672439563     1     5.9339116812267525  
0.28967989365846336       0     0.34203955654873935 
0.9292567336036074        1     0.07337022355327084 
0.21335577279474247       0     0.23997919477650853 
0.911350537284347         1     0.09282767276361284 
0.8898970303818708        0     2.2063392636088017  
0.4370717524467587        1     0.8276579041227712  
0.5821599849561194        0     0.8726566588501681  
0.18007767373953168       1     1.7143670003950644  
0.052976126408018576      1     2.937913912042624   
0.9683261150394086        1     0.032186352740306116
0.21592203438266921       0     0.243246817635676   
0.9914367159164761        1     0.008600159668997534
0.9986655755149312        1     0.001335315622280425
0.9543148329197414        0     3.085981605314675   
0.029347578048911367      1     3.528545255741196   
0.08991018243619224       0     0.09421198372225799 
0.20026421057957086       1     1.6081177313588941  
0.013098968526586133      1     4.335221790303603   
0.9281907717105838        1     0.07451799435917161 
0.997973286102029         0     6.201339567023803   
0.20976328817491321       1     1.5617755831985316  
0.9993636879176272        0     7.3598214194211256  
0.9705374812862095        1     0.02990525652510363 
0.9835205287978113        0     4.105639842261447   
0.9999755660191005        1     2.4434279414037043e-05
0.8807807418085811        0     2.1267909753920757  
0.9163336625204942        1     0.08737472024116502 
0.9122187947704119        1     0.09187541113427512 
0.936127188274626         0     2.7508614897476713  
0.9986990407830812        0     6.644653427430621   
0.7465230315485963        1     0.2923288097680483  
0.9996796354720523        1     0.00032041585562575753
0.3416551859655684        0     0.4180264514274397  
0.046181655077782574      1     3.075172635988561   
0.9999624274971355        0     10.189238081898534  
0.629014699861739         1     0.4636006523453337  
0.4780729340852972        0     0.6502274213312303  
0.4548406735652105        0     0.6066771849603305  
0.47341669140384973       0     0.6413457289734512  
0.04672104820908417       1     3.063560504731739   
0.3323357307738304        0     0.40396982276545906 
0.381952132694035         0     0.4811893693362987  
0.9900324994034048        1     0.010017508712111111
0.8573156360108758        1     0.15394912479481684 
0.14614026924104517       1     1.9231883702706516  
0.9999957354391344        1     4.26456995881781e-06
0.9998889562879725        1     0.00011104987783696962
0.027328494872578556      1     3.599825352912209   
0.17558438875444382       1     1.739635504042711   
0.9957749590683911        0     5.466726330265155   
0.6698566115319096        1     0.40069160214003896 
0.7696208126418863        0     1.4680286868877161  
0.4714870577021268        1     0.7518636264855163  
0.8786581421230337        1     0.12935937375582812 
0.9999157051654014        1     8.42983876078355e-05
0.8335262179663379        1     0.18209012201744323 
0.1878116517316903        1     1.6723156708328453  
0.22746078841135095       1     1.4807774140780123  
0.9871137326723722        1     0.012970015516102789
0.9141629049185226        1     0.08974649045716093 
0.8975164261766326        0     2.278052748627722   
0.1687738055505868        0     0.1848533256785008  
0.45018322748819894       1     0.7981006068938779  
0.9976534955281082        1     0.002349261827786552
0.4269548126042964        1     0.851077096636081   
0.19161683068429544       0     0.21271911341742025 
0.5602596804282617        0     0.8215709090877513  
0.919816053534371         0     2.5234319529038514  
0.027349268033196723      1     3.599065513426697   
0.7853274460436498        0     1.5386414166594578  
0.9502345883204028        0     3.0004350808457607  
0.9860026147561105        0     4.268884735103856   
0.5266889473129563        0     0.7480024899507877  
0.9209779062162237        1     0.08231923192203482 
0.1401228349846074        1     1.9652358483096573  
0.2506023288616829        0     0.2884855002623973  
0.0026367938725808007     1     5.938191542060681   
0.3791293825854155        1     0.9698777533028744  
0.8008752353967286        1     0.22205010509856374 
0.9836851836175806        1     0.01644936846810292 
0.7825538360574632        1     0.24519255886100985 
0.9125404170169482        1     0.09152290188506657 
0.9986910903656566        1     0.0013097670047874368
0.3017523388549787        0     0.3591814237578475  
0.4600148287713961        1     0.7764965535590231  
0.9857671499806434        1     0.014335108475013418
0.30273750875513544       0     0.36059333761907003 
0.06292855657953994       0     0.06499575267015455 
0.9795086736283136        1     0.020704186477673647
0.9658964611057541        0     3.378354120187517   
0.9732623307673496        0     3.6216818751817534  
0.9968779656369633        1     0.0031269180797218773
0.7634030712986738        1     0.26996911549508995 
0.9526891873884237        1     0.04846656977390145 
0.8541681016735767        1     0.15762726419690454 
0.9035054408917617        0     2.3382686545247866  
0.0688790977076143        1     2.675402518431412   
0.12156267005188089       1     2.1073253462859824  
0.09223563151518349       1     2.383408764125686   
0.929559150151884         1     0.07304483731831594 
0.8616529835859278        0     1.9779901384745329  
0.9996248196548135        1     0.0003752507429406257
0.8987980949210563        0     2.2906376974152103  
0.3228273324725832        0     0.38982899054268    
0.5568552090082022        0     0.813858720370261   
0.0033390162745782774     0     0.0033446032295082555
0.047961938409675324      0     0.04915026432787136 
0.6538012604661257        1     0.4249518567860759  
0.9659813719482606        0     3.3808470205248597  
0.9996466289241824        1     0.0003534335260886909
0.9997862715262509        0     8.450804162825213   
0.8191882701693287        1     0.19944134344036257 
0.05198164707838333       0     0.053381417292551844
0.11004488861727697       0     0.11658425417654793 
0.9777693628143622        1     0.02248146210167635 
0.9915701835773504        0     4.775980283878131   
0.0008047256981979459     1     7.1250090861935504  
0.06463234648393071       1     2.7390402739463005  
0.9940349837405908        0     5.121843497633936   
0.9735428071723894        1     0.02681348269453699 
0.241620642617477         1     1.4203863752738728  
0.8686533946925749        1     0.1408110886402236  
0.8780136200407613        0     2.1038458801594246  
0.9624517485662086        0     3.282128468200011   
0.9409420804558055        1     0.06087369234763117 
0.33176161276780264       0     0.40311030199334663 
0.9996824772768426        0     8.054961173192662   
0.0037906535423344154     1     5.575216836142967   
0.3754453661588286        0     0.47071646910983755 
0.9701462934937919        1     0.030308400821767986
0.4870426783729865        1     0.7194035244764866  
0.008690131728775214      0     0.008728111114165507
0.9007002900981588        0     2.3096126293668866  
0.9805014445425304        0     3.937414895260552   
0.9821855517002441        1     0.017975035625440366
0.30043624474767877       1     1.2025197114180546  
0.11877151035678879       0     0.12643833406906607 
0.25292287548667536       0     0.29158685351168556 
0.1083720530792828        0     0.11470633327713851 
0.07444558437898256       0     0.0773623527801764  
0.06666367067332403       1     2.7080951420121773  
0.10830515440414111       0     0.11463130628207766 
0.9360092737609081        1     0.06612989468940947 
0.10866873692229498       1     2.219451135032853   
0.04163215471790344       0     0.04252360259895468 
0.00204549749403788       1     6.192114245705383   
0.9360194600178259        1     0.06611901210333156 
0.32286963770854094       1     1.130506635652816   
0.46718237026712434       1     0.7610355830535477  
0.6614741150785031        1     0.41328442683749245 
0.9565370212461274        1     0.044435785941145875
0.1320984533226291        0     0.1416769962418437  
0.2839496970548892        1     1.2589581795552351  
0.04054035376930405       1     3.205457411570506   
0.9614196850304689        1     0.03934424835175204 
0.026398191109010597      1     3.6344597897754563  
0.9535812653987978        0     3.070052138283313   
0.874739694016929         1     0.13382892943629124 
0.9032381215493899        0     2.3355021799251316  
0.9973911474215089        0     5.948844779410183   
0.9936875016096864        1     0.006332506453297063
0.9917306796717817        0     4.79520295854542    
0.06539372175206436       0     0.06762993116086967 
0.35926547113158247       1     1.0236936898658442  
0.9955095499013696        1     0.0045005624537138005
0.012220923940211938      0     0.012296213465027756
0.16144484489218902       0     0.17607492157828222 
0.9740995555147421        1     0.026241767508850197
0.8066154870670342        1     0.2149081962969519  
0.11318771365476382       1     2.1787076557222735  
0.886056488343959         1     0.12097457381353097 
0.7615436515602594        1     0.27240778516407715 
0.7845264274684777        0     1.5349170102228058  
0.4746541813992362        1     0.745168779256208   
0.930995935107267         1     0.07150036787220966 
0.98792962109479          1     0.01214381748123716 
0.003300129983541798      0     0.0033055874226426995
0.9902163116865288        0     4.627038737863574   
0.9450966903720807        1     0.05646803886845529 
0.037421405627246745      1     3.2855123953129106  
0.997676619632161         0     6.064732098675713   
0.0031342723770491545     1     5.765358228470884   
0.7875545785062248        1     0.23882260464425098 
0.987231567090875         1     0.01285064995359778 
0.8794320755639016        0     2.1155419965976034  
0.5247887395491492        0     0.7439958149794977  
0.10110154333041167       1     2.291629887687343   
0.997872581695972         1     0.002129684472978106
0.8284273250748682        1     0.1882261646415212  
0.617955845857808         0     0.9622190902955319  
0.8598686806349563        0     1.96517530055108    
0.6412582727336573        1     0.4443229816312011  
0.9793509943735023        0     3.8800881144150177  
0.11862147950744947       1     2.131817699984954   
0.3736894130165062        1     0.9843302730592355  
0.9670015107106346        0     3.4112934976736904  
0.7864568723803976        1     0.24021739285010352 
0.9979964793995223        0     6.212849345696013   
0.9956978684101973        0     5.448644660551696   
0.004113580830646286      0     0.004122064878809951
0.7309422285624982        1     0.31342085304970524 
0.9120804129496125        0     2.4313326657769245  
0.09590569398822214       0     0.100821603221509   
0.900956936133795         1     0.10429781815001464 
0.9962073964834581        0     5.574702552047019   
0.9863086181756779        1     0.013785973175665997
0.013748684601030722      0     0.013844073085077575
0.9908749016200421        0     4.696726598206451   
0.9837083314998085        1     0.01642583694576018 
0.6845201093668211        1     0.37903725650134934 
0.9939435597978206        1     0.006074854825163096
0.7139183631463938        0     1.2514780653494644  
0.021367593511029376      1     3.845879826613126   
0.630380470163211         0     0.9952811001431136  
0.6833093584136328        0     1.1498298756487997  
0.43252944863032405       0     0.5665664228326103  
0.16584085453649033       1     1.7967266580911738  
0.24535898467269526       1     1.4050328972972914  
0.31101823473837137       0     0.3725404738315721  
0.979973869759924         1     0.020229371183278836
0.43324649030981655       1     0.8364484512621267  
0.057849120472520645      0     0.059589847881749036
0.16997683520501133       0     0.1863016691894006  
0.001267277673719032      0     0.0012680813491285456
0.8820541470450497        0     2.13752963309416    
0.8781964901147998        1     0.12988491754344522 
0.010930238111267991      0     0.010990412042516518
0.012511004524226259      1     4.381146660027064   
0.006305746143350706      0     0.006325711335102638
0.8901884280930636        0     2.208989364686369   
0.33291055195982416       1     1.0998814378178159  
0.008455096193787162      1     4.772985919548216   
0.6491563756662394        1     0.43208164266323484 
0.3281214130866263        0     0.3976776290185946  
0.8743016525483983        1     0.13432982265822607 
0.05844168834217703       1     2.8397258023359617  
0.8585791175108662        0     1.9560148526251604  
0.9236718823085769        1     0.0793983761320701  
0.9478557013949334        1     0.05355300203122369 
0.48751516558122404       0     0.6684841597854053  
0.04429110388103528       1     3.116971437423662   
0.36698905267180054       0     0.45726756263016133 
0.9949181558331263        1     0.005094800650803057
0.4463461199272335        1     0.8066605742874955  
0.9585698613090712        1     0.04231283307104783 
0.9886489432548777        0     4.478444434091639   
0.3798072078813335        0     0.47772489424938785 
0.029713104573791158      0     0.030163482734955355
0.9132437433596315        1     0.09075246429147067 
0.7335722047296998        0     1.3226520091583613  
0.028639496325318887      0     0.029057609074903505
0.00047636359111792825    1     7.649329148429009   
0.32072779325199346       1     1.137162511703916   
0.6663647801024336        0     1.0977070388377048  
0.2205132279876455        1     1.5117975950209412  
0.2991868370884042        1     1.2066870275380541  
0.4508138822709874        1     0.7967007025457943  
0.14024470718785595       1     1.9643664737024524  
0.5873495960487967        1     0.5321350724645912  
0.38773701039803493       0     0.4905933672018448  
0.04806586220846759       1     3.035183079240403   
0.5338492671452092        1     0.627641751131627   
0.5698150823148396        0     0.8435401216074335  
0.7532510206216669        0     1.3993837369351223  
0.22439271466753327       1     1.4943575716915791  
0.7882834926052366        1     0.23789749163377086 
0.00733015718931958       0     0.007357154803606904
0.9993715975401465        0     7.372329737119565   
0.9826436241355428        0     4.053795355112216   
0.33318157439260104       1     1.0990676691602659  
0.9308268612456362        0     2.6711426600048656  
0.701720691715936         1     0.35421982917812866 
0.011450711258601297      0     0.011516775458346507
0.03642686583087379       1     3.312448704304085   
0.9907122740341866        1     0.00933112582564753 
0.7118420166460219        1     0.33989927892377986 
0.2016714131335621        1     1.6011155736968958  
0.9173864098778728        0     2.493581082665095   
0.9885086594098397        0     4.466161519413896   
0.9991772419687257        0     7.102848408688261   
0.05845907912526985       1     2.839428271642231   
0.6451001332181145        1     0.4383497289362666  
0.8159126485418489        1     0.20344797810369156 
0.23505445647105683       1     1.447938062019078   
0.9991231633979605        0     7.039189897614997   
0.9175690321290715        1     0.08602746250601714 
0.2323303802166052        0     0.26439582096323766 
0.030983220550467788      0     0.03147335098790816 
0.15827771178323058       1     1.8434041193344466  
0.09295788128481162       1     2.375608777824892   
0.9730672009833119        1     0.027302133422262214
0.9360889430275503        0     2.7502628970049807  
0.07095675635268753       0     0.07359999265389792 
0.6628145639375427        0     1.0871222445865416  
0.5632685958526964        1     0.5739986849414572  
0.008334403064497094      0     0.00836932839159967 
0.9766697926753499        1     0.023606664952771392
0.31795061716468676       1     1.1458592001959484  
0.7048057058531868        0     1.2201215152135807  
0.9888975798247052        1     0.011164512049964128
0.09615912783396757       1     2.3417508781826326  
0.8996823475096408        1     0.10571352516986318 
0.9132924097961925        0     2.445213853424218   
0.38136121904437553       1     0.9640082715195213  
0.16023315521950893       1     1.8311253043412827  
0.33910724291538474       1     1.0814388708471991  
0.135767726503572         1     1.9968097467147459  
0.16710972112602188       1     1.789104669573086   
0.21852536642809958       0     0.24657258828860115 
0.5609862573442872        1     0.5780588704719907  
0.27706815506818355       1     1.283491755881883   
0.48643416445020954       1     0.7206537113844144  
0.5617773014316134        0     0.8250280535995957  
0.5651828985875709        1     0.5706058859055853  
0.9423628534737433        0     2.853588014172404   
0.614143699039437         0     0.9522902561339456  
0.7273722660646901        1     0.3183168746448602  
0.999423337643607         0     7.45825363363154    
0.9985615022256924        0     6.544155922205289   
0.4710813787499924        1     0.7527244212278291  
0.9834273275703904        1     0.016711535524842728
0.6751698122845537        0     1.1244527325398337  
0.9957580581635611        0     5.462734134287045   
0.15325089358300475       0     0.1663508425939416  
0.9726944376065833        1     0.02768528763179751 
0.8886770230969441        0     2.195319600829184   
0.18331223060085658       1     1.6965644018624222  
0.9993188311162772        0     7.291700288840845   
0.9656098886328844        0     3.369986216185673   
0.264340141315368         1     1.3305185910556305  
0.9611577767898396        0     3.2482473969767702  
0.016926909615669023      0     0.017071807189833667
0.36268802543679135       1     1.0142122483008997  
0.7079588013157865        1     0.3453693772134745  
0.4748708441382511        0     0.6441110354810619  
0.3793196262545291        1     0.9693760882709841  
0.25363863333206466       0     0.29254539034385985 
0.07920906659288829       1     2.5356645095308368  
0.1479254867723208        1     1.9110465997550568  
0.8597994643032252        1     0.1510560979682714  
0.9265825904722723        1     0.07625209478793371 
0.8675128060207586        1     0.14212500528649635 
0.5613567107505297        1     0.577398727484995   
0.9246436882719653        0     2.5855275919494862  
0.9750125230454715        0     3.6893805014360432  
0.999664651097141         1     0.00033540514487649794
0.9607792926821039        0     3.2385504237540177  
0.35251652967664227       0     0.4346620141924356  
0.5184238518967895        0     0.7306909125777623  
0.10256109575282686       0     0.10821023419899546 
0.18991961870130633       1     1.6611543558033635  
0.808621833142094         1     0.21242392097489868 
0.6097079229745017        0     0.9408599047056877  
0.014378294867690817      0     0.014482664192619208
0.8318184844041588        0     1.782711432869619   
0.9550454455023416        1     0.04599635272018134 
0.00343912495134449       1     5.672538214564699   
0.0028978346087749967     0     0.002902041460624487
0.7971961377407117        0     1.5955159627754099  
0.1197563776563402        0     0.1275565662516548  
0.9999222136186142        0     9.461544188557612   
0.9984917461666154        1     0.0015093923931663348
0.20361003467180716       0     0.22766630691141568 
0.7253640204274132        1     0.321081652994795   
0.43030391432393145       1     0.8432635424466053  
0.8375235981632334        0     1.8172225072237642  
0.6348241721964741        1     0.4544072126104974  
0.9939547074086247        1     0.006063639351023264
0.01243618071914494       1     4.387145254956114   
0.0067084847494756905     1     5.004382173249935   
0.9955754519799369        0     5.420587148097754   
0.4071905050696773        0     0.5228821880395939  
0.6534170480173149        0     1.0596330893422767  
0.3794831186147539        1     0.9689451663644405  
0.4279577407164073        0     0.5585424104649012  
0.03799945532468879       1     3.270183452919299   
0.8836231080980241        1     0.12372465556217606 
0.04068782952747325       0     0.04153874041235272 
0.9910565620096005        1     0.008983670590086507
0.9918233258108613        0     4.806469789387768   
0.02483030977386688       0     0.025143781870140117
0.5781541102399486        0     0.8631152217863421  
0.9072225013825091        1     0.09736754320501008 
0.2732840739541245        1     1.297243460874034   
0.7767129368940242        0     1.4992970568524977  
0.1522063778262793        1     1.8825179301862598  
0.980613061131336         1     0.019577330323486068
0.8758337951958671        0     2.0861342495358093  
0.8176035159187747        0     1.701572477398163   
0.17950813157515577       1     1.7175347708255246  
0.01518636630616263       1     4.18735720717537    
0.1346987662251849        0     0.14467758553570348 
0.49433461850867677       0     0.6818801298514375  
0.8617720612089709        1     0.14876447343826704 
0.9904599524998758        0     4.652256814485684   
0.47948681140105276       1     0.7350388899356537  
0.4249746503844144        0     0.5533411528685835  
0.7081361735447222        1     0.3451188682673767  
0.8573441363672054        0     1.9473200971355584  
0.20509389377116946       1     1.584287386306189   
0.7371020289991954        1     0.30502895811235475 
0.5951999755017584        1     0.5188578366229358  
0.9573970611384545        1     0.04353707165612463 
0.046898534916039125      0     0.04803391186214851 
0.01981434525107703       0     0.02001328163834636 
0.04054349841297138       1     3.2053798463442797  
0.985016579211576         0     4.200810969924915   
0.6886034449820607        1     0.37308972521183603 
0.14466125666069685       0     0.1562576974682028  
0.28128380147581206       0     0.33028871611669486 
0.010807915232148574      0     0.010866745016857464
0.02938156561172424       1     3.5273878213061374  
0.0006517643788341008     0     0.0006519768695711115
0.882738432395306         1     0.12472634831466183 
0.5998056660033485        0     0.915805014862135   
0.03827965384347428       1     3.262836755189725   
0.9827210831290099        1     0.017429939555700186
0.9509940701985985        1     0.050247451788890514
0.5051143512547954        1     0.6829704372117129  
0.010660164026199034      0     0.010717390634777318
0.6732824566133858        1     0.3955903395948286  
0.9236588686962643        1     0.07941246523041448 
0.4125606119961174        0     0.5319822076412405  
0.06374390662032069       1     2.7528816819382347  
0.3599662182979305        0     0.44623432011195746 
0.9789888325350937        1     0.0212350435288488  
0.5548460171357702        1     0.5890646503333474  
0.9208529709145067        0     2.5364480286028743  
0.9931703377325278        1     0.00685309114596886 
0.4228335957792885        0     0.5496246585222052  
0.9696628925930869        0     3.4953836488648     
0.004006664571389333      0     0.004014712756662175
0.2520832262030185        0     0.29046357217536406 
0.25944833127310285       1     1.3491977049751473  
0.3178209505250442        1     1.1462671034367669  
0.5888286263941206        0     0.8887451839817572  
0.09332190563630086       0     0.09796780436202508 
0.08087507522985204       1     2.5148495959624073  
0.4691727638151396        1     0.7567842120225009  
0.003162944082579388      0     0.0031679567628898177
0.7858997548343983        1     0.24092603306526916 
0.1371975559655118        0     0.14756953179325238 
0.3980925227949723        0     0.507651537835648   
0.9131482484518152        1     0.09085703648444077 
0.9959240212271314        1     0.00408430821580674 
0.05109685228226148       1     2.97403238284275    
0.4289659736736757        0     0.5603064803374453  
0.2612210681298518        0     0.30275654775268585 
0.06956655547911546       1     2.66547135185612    
0.9557789951124978        1     0.04522856931674611 
0.9997595574098814        1     0.00024047150107251992
0.0013115009875496215     1     6.636583005665162   
0.17229672543389418       0     0.18910055287521566 
0.9318339989143901        1     0.07060059291330628 
0.9794814208760295        1     0.02073200974473591 
0.8030448746868426        0     1.6247793664808379  
0.017654183634079702      0     0.01781187746096729 
0.48713023371083625       0     0.6677333329237413  
0.05465163909877307       0     0.05620178354359029 
0.8859149414976338        0     2.1708109815884327  
0.997959656255929         0     6.194636983325277   
0.046399906144410315      1     3.0704578425017512  
0.0462929882879622        1     3.0727647702230216  
0.98609754875604          0     4.2756901059067305  
0.319785050361218         1     1.140106226512918   
0.9208633068186057        1     0.08244367196274494 
0.04992434072089258       1     2.997246605157684   
0.9094698153188276        0     2.4020719514971742  
0.76560753840702          1     0.26708559248771446 
0.9983742774737859        0     6.421802930503388   
0.6704147335462338        1     0.3998587528089911  
0.4861714029365634        0     0.6658655378882166  
0.31823913166583717       1     1.1449521924314883  
0.6137693822649019        0     0.9513206326503765  
0.0105536337884776        0     0.010609718327676411
0.9972525738473117        1     0.002751207255041479
0.41388977646750275       0     0.5342474123273732  
0.13779889320138972       0     0.1482667329786599  
0.9187110905568682        1     0.08478357976618789 
0.27908253714357395       0     0.327230624177344   
0.00034070721509985496    1     7.984487056239948   
0.631874833633211         1     0.45906395249810106 
0.00044414694329470035    1     7.7193550969185925  
0.11215852716442655       1     2.187841987340328   
0.05997171507730553       1     2.8138822432894406  
0.9669104138493322        1     0.03364943120278909 
0.9408136826188689        1     0.061010158343543515
0.8996941152281044        1     0.10570044539616666 
0.9877734666853899        1     0.01230189225541864 
0.9614461825755152        1     0.03931668788017228 
0.14971927932355497       0     0.1621887244021316  
0.9290121316311082        0     2.645246284584206   
0.8030315788942203        1     0.21936123966389534 
0.7740273894766752        0     1.4873414794289093  
0.17525334276928653       0     0.1926790219514223  
0.9019698452389809        1     0.10317419047725418 
0.987194004672285         0     4.3578418327368365  
0.3565736089948793        1     1.031214583597215   
0.9945788235828239        0     5.217442435943271   
0.4273623693326162        0     0.5575021695334312  
0.13583617446796137       1     1.9963057188595228  
0.0132928906492945        1     4.320525924317638   
0.7373517988345636        0     1.3369397803951248  
0.9656405994901713        1     0.03496356421468642 
0.01586158531436273       0     0.015988726491391474
0.9426620144070393        0     2.8587919500655277  
0.8875181227948092        0     2.1849631618237084  
0.1152524941943486        1     2.160629955740001   
0.37665293386280135       0     0.4726518268081509  
0.48168655683728395       0     0.6571751170927056  
0.09160912768696002       1     2.390224365028954   
0.9761889331924108        0     3.737604814464437   
0.6147470009487923        1     0.4865444763868894  
0.09358458775982968       1     2.36888956974223    
0.05648881177693411       0     0.05814705603179366 
0.9833825765560695        1     0.016757041716605053
0.8193849197829903        0     1.711387140837343   
0.07511567741616827       0     0.07808660595607662 
0.2327831879835819        0     0.2649858421800932  
0.08726196482720606       1     2.4388405946113876  
0.8240519921645177        0     1.737566737611791   
0.2374535624248059        0     0.2710918706170464  
0.027827180635894906      1     3.581742015227482   
0.6981164081473944        1     0.35936941627484187 
0.16765235164609296       0     0.18350507885528466 
0.7194472095002354        1     0.32927212643721293 
0.8763024492064286        0     2.089915799346634   
0.999902219178825         0     9.232782102659705   
0.4726820323559191        1     0.7493323525761569  
0.3137486783912017        1     1.159163000843974   
0.7001203154758306        0     1.204373936354734   
0.993500778726355         0     5.036072913312241   
0.3033543097739609        1     1.1928538174293466  
0.5265569231010122        0     0.7477235913251061  
0.9844051421706936        1     0.015717736819093213
0.9210567197180153        1     0.0822336596958344  
0.9541256766156462        1     0.046959879715952474
0.5221144796775016        0     0.7383840724079902  
0.9885713986153023        0     4.471636172205955   
0.4601664086043565        0     0.6164943509982664  
0.00047882002743330517    1     7.644185756764878   
0.8295897671290117        0     1.7695466143301837  
0.9671974502330737        0     3.417249029816853   
0.05748337342200978       1     2.856259530871123   
0.37055884725749266       1     0.9927430148544341  
0.5095275912842933        1     0.6742712741363628  
0.020455553441159142      0     0.020667665844146556
0.04361884729649692       1     3.132265944589535   
0.3019556086152547        0     0.3594725802696154  
0.597689920887266         0     0.9105321466173056  
0.06046854662893212       1     2.8056319395661036  
0.4817479388665734        0     0.6572935505715487  
0.045538722516668746      1     3.089192270635729   
0.14727099850681175       0     0.15931348244486462 
0.2352892657019291        1     1.4469396039157378  
0.05456830024562086       0     0.05611363066432075 
0.4171191400226741        1     0.8743833905015207  
0.8298671349995336        0     1.7711755883636604  
0.4845127636212183        1     0.7246115040948672  
0.993532067584145         1     0.006488940124007586
0.8480449281545562        1     0.16482166327935907 
0.002804972891193001      1     5.876361404513002   
0.999990354406941         1     9.645639578080752e-06
0.9790131444303202        0     3.8638589624850472  
0.9858990390154697        1     0.014201324129814324
0.7168331923210369        1     0.3329121121420711  
0.21797194193191027       0     0.24586465919802586 
0.6311395198038292        0     0.9973368088897658  
0.3136246462215964        1     1.1595584023261705  
0.9718917481755757        1     0.02851085091355502 
0.635046225499798         1     0.4540574866762762  
0.7035335371085356        1     0.3516397317678867  
0.5444007189770276        0     0.786141625498651   
0.9972063506244149        1     0.0027975588969208352
0.9003440735967954        1     0.10497828472093981 
0.9892774922971883        1     0.010780408051781069
0.2734315747585445        0     0.31942261562857893 
0.04818653187137197       0     0.04938620022857858 
0.14978628295004212       0     0.1622675292779787  
0.9900333334302106        0     4.608509096973734   
0.0034904118653401655     1     5.657735536739335   
0.7724452808955451        1     0.2581941065112427  
0.2690219001443934        0     0.313371778839      
0.11754878763061906       0     0.12505177513699983 
0.5009245582323072        0     0.6949980087508559  
0.017293715402188676      0     0.01744499839882189 
0.007993994753980351      1     4.82906467493786    
0.9938920833296679        0     5.098169534428037   
0.9955893887181687        0     5.423741986469073   
0.16839273750830788       0     0.18439498988142003 
0.03945362004227875       1     3.232629473104796   
0.9987011909830255        1     0.0012996532004403993
0.5889938473421105        1     0.5293395413238015  
0.5748328791748           0     0.8552729618795352  
0.20254632951011944       0     0.22633153944024287 
0.3710624550844424        0     0.46372331987360976 
0.5482658452216888        1     0.6009949906486298  
0.9999621166123921        1     3.7884105201558184e-05
0.9595483350966847        0     3.2076474767865872  
0.5287934892705352        1     0.6371573027925163  
0.9807082048678744        1     0.019480310280658393
0.02325830100698699       1     3.7610931781111487  
0.026353775663587622      0     0.02670726068686672 
0.9092041492397217        0     2.3991416908917107  
0.047504941589195084      0     0.048670360014891126
0.8413636678986622        0     1.8411409159321286  
0.19788355096018692       1     1.6200765477655124  
0.8894389951314876        0     2.202187830106538   
0.9824095441472128        0     4.0403988051172375  
0.14858661099491524       1     1.9065872517341593  
0.42787428908026165       0     0.5583965374139735  
0.01608407043797879       1     4.129925910574779   
0.09770567233681256       0     0.1028145065323219  
0.9897128616311677        0     4.576860866079696   
0.9796188264654739        0     3.8931436701895334  
0.9442128499811561        0     2.886211722515503   
0.8913881604577624        0     2.219974857698576   
0.012234627546716335      0     0.01231008671046647 
0.011234587585392223      0     0.011298172244661378
0.12023886298758778       0     0.12810484356825785 
0.021762041425876254      0     0.022002327117259673
0.6236667339062191        1     0.4721391335628774  
0.7771095686897306        1     0.2521739235114781  
0.4627496347158505        1     0.770569116905718   
0.46534093810322846       0     0.626126002710031   
0.018003897266690362      1     4.017167029705791   
0.15495343309298065       1     1.8646306388597111  
0.9224827468435894        0     2.557254746026257   
0.9029197258892927        0     2.3322170745728474  
0.24472310375165832       1     1.407627896351093   
0.0686170847026418        1     2.679213727114172   
0.9421405939348545        0     2.849739244520614   
0.003222363633768682      0     0.0032275666277618584
0.9951203372676417        0     5.322679173727103   
0.7192203490060458        1     0.32958750227887784 
0.034598904426248224      0     0.03521162091720081 
0.597215323713763         1     0.5154775543801146  
0.31293743079029784       0     0.3753299149102993  
0.0005860478538724309     1     7.4421091098230665  
0.8510125350880562        1     0.16132842068404232 
0.9088894400818118        0     2.39568156575678    
0.020073081985838317      0     0.020277283553194875
0.9656888787106761        0     3.3722857415229766  
0.026212776301940157      0     0.0265624553667813  
0.010735644460075766      1     4.534185815911111   
0.2667102342138317        0     0.31021434036028944 
0.6156261646937106        0     0.9561396705234039  
0.055838592376881296      1     2.8852900289961574  
0.014962921960099898      1     4.202180007319424   
0.401778709391915         1     0.9118538160791005  
0.7754503007017485        1     0.2543113851996552  
0.31459736295382024       0     0.3777488220932673  
0.09768264367026543       1     2.3260313849445207  
0.9622965114253479        1     0.03843265187279614 
0.8006352116079084        1     0.22234985186707995 
0.1278855767219526        1     2.056619346717628   
0.5867076786273089        1     0.5332285753103176  
0.384451559287588         0     0.48524163505326484 
0.13741612808910605       0     0.14782289200915702 
0.9210225423209504        1     0.08227076710784771 
0.8201888099319171        0     1.7158479226849748  
0.3272810551228325        1     1.1169359814514006  
0.9963120455099033        1     0.0036947717606075382
0.1416366437083082        1     1.9544903479503632  
0.8936651930260026        0     2.241162606271802   
0.9896837153917485        0     4.574031602331248   
0.4201136054139413        0     0.5449230660303278  
0.2300341816802997        1     1.4695273650999023  
0.0858175305168468        0     0.08972508906888359 
0.2146455126661271        0     0.24162008690809145 
0.9864814458334148        0     4.303692154427176   
0.07550389401188136       1     2.583571047740861   
0.975265177841329         1     0.025045867690245603
0.0060808233658313365     0     0.006099386864731312
0.2817657304408735        0     0.3309594824288749  
0.04521356402026283       1     3.0963581482177647  
0.013297718121504659      1     4.320162828285893   
0.3666780732610491        0     0.45677641307008704 
0.07448457327529891       0     0.07740447857730216 
0.7925321701874657        1     0.23252218075810027 
0.8466659422378664        1     0.16644906326259776 
0.8442767567652816        1     0.16927492727785737 
0.6178956030508425        0     0.9620614172697718  
0.7610679108643414        0     1.43157591330362    
0.23850202021591604       0     0.2724677595932053  
0.028124097588937885      1     3.571128504698964   
0.7718124568797805        1     0.2590136899728732  
0.9481745913787003        0     2.959874736054625   
0.8047448170490463        0     1.6334479454113116  
0.9958082115471995        1     0.004200598626893941
0.6627094357402983        0     1.0868105116322317  
0.05904063536233962       1     2.829529337190582   
0.9944191360517268        0     5.188411685134121   
0.08297074479111488       0     0.08661590406239188 
0.026861226836037675      1     3.617071413723958   
0.5301967239027618        0     0.7554412333945841  
0.12870836926177057       0     0.1377785352791163  
0.14920731936844442       1     1.9024185349865006  
0.7826899353840733        0     1.5264300761060665  
0.2591009605644445        1     1.3505374841093103  
0.4638845947267999        0     0.6234058327413278  
0.9536687164383947        0     3.071937875175742   
0.03775905568803976       0     0.03849039781402207 
0.34636802106553          0     0.425210809254929   
0.3893846183928308        0     0.49328800802719375 
0.14196984535440144       1     1.952140600590889   
0.03329890322722647       1     3.4022308186574697  
0.1663803437495832        0     0.18197802830612278 
0.34495372163260457       1     1.0643450111437271  
0.007881230773316619      0     0.007912451820947021
0.17387881939581007       1     1.7493966626487436  
0.032556990155984636      0     0.033098760367130886
0.990676851866517         1     0.00936688070812906 
0.10901182802954294       1     2.216298888607711   
0.08661750596724638       0     0.09060054413336868 
0.34503316098725295       1     1.0641147477662618  
0.7888586222256585        1     0.2371681602177781  
0.2199768496758108        0     0.2484316798361325  
0.08938141288096217       1     2.4148425280277914  
0.9150845498012296        0     2.4660992210815778  
0.5650752138308871        1     0.5707964348710409  
0.13077406419465326       0     0.14015219233662168 
0.9081094805108232        0     2.3871574161043596  
0.5628712927941545        0     0.8275276027518704  
0.29052803824878287       0     0.34323430148395623 
0.0064911844391294885     1     5.037310262740518   
0.14714800928234015       1     1.9163163328865878  
0.8865263559896941        1     0.1204444235209879  
0.7016985563321375        0     1.2096507478222487  
0.7987411478343702        0     1.6031633777346437  
0.7024598144582341        0     1.2122059856672762  
0.4396824213240635        0     0.5792515512176298  
0.020314595054218745      1     3.8964156830800922  
0.3899798570314523        0     0.4942633011000557  
0.6166888199433112        1     0.48339072599073957 
0.833273951520034         0     1.7914032418047825  
0.09116564190876257       0     0.09559242573159822 
0.05304855490512631       0     0.05450745944962861 
0.07942272807752476       0     0.08275433623476461 
0.9050350345764137        0     2.3542472404143937  
0.7136960547533591        1     0.33729810089855156 
0.9964009988437534        0     5.627098928616453   
0.18867954437415946       1     1.6677052353762876  
0.9998844909438563        1     0.00011551572782844947
0.3403219633739064        1     1.07786315834755    
0.028461601385191333      0     0.0288744858661611  
0.6001473298569423        0     0.9166591243646925  
0.9230573752860234        1     0.08006388467124212 
0.06352155664437141       1     2.756375955977484   
0.10074465147623839       0     0.10618824866344477 
0.016443481151488453      1     4.107826162895738   
0.0032326326780907524     0     0.0032378689227219324
0.4939975713737272        0     0.6812138100495243  
0.2378886500892793        1     1.4359525715575223  
0.9472337258312028        1     0.05420940966785281 
0.676410288678987         1     0.3909554511346226  
0.7641888899827114        1     0.26894028217667676 
0.06854042803807729       0     0.0710024908894058  
0.1831604746140281        0     0.20231262277115777 
0.9616301201253836        0     3.2604825054392435  
0.9609090843861521        1     0.03987547970452394 
0.28206470545291334       1     1.2656187824034129  
0.003811656888265196      0     0.003818939764823597
0.7821732047275195        1     0.2456790735406061  
0.27100131177705855       0     0.31608334639493124 
0.39986163080283166       1     0.9166367147122361  
0.9882490043583447        0     4.443817306521793   
0.18817381838438818       1     1.6703891774255468  
0.6639575088747978        0     1.0905176653323878  
0.01428120376846067       1     4.248811028112283   
0.8507474595378599        1     0.16163995174973575 
0.6165280032719519        1     0.4836515344215742  
0.012945798606896085      0     0.01303032576454627 
0.006476783406273397      1     5.039531279779995   
0.2980495560695056        1     1.2104955107670488  
0.9896711579781016        1     0.010382554690551929
0.13532291863100343       0     0.14539915808656867 
0.019499499370508686      1     3.937366487049248   
0.8746038892187191        1     0.13398419315896312 
0.9474936984161322        0     2.9468220864186927  
0.6871512630415633        0     1.1620354737572398  
0.24972378721699123       0     0.2873138565409025  
0.8484477640157231        0     1.8868249214843817  
0.004039992328077981      1     5.51151248600148    
0.972691729335731         0     3.600565667937614   
0.7160347413875239        1     0.3340265917076658  
0.4321600408437529        0     0.5659156620122304  
0.7464785209368084        0     1.3723067295079718  
0.11335801764653973       1     2.1772041709920322  
0.9994658692728664        0     7.5348699415982265  
0.9619620404598744        1     0.03878028807637616 
0.8957553898953463        1     0.1100879056280754  
0.6261807506485187        1     0.46811621050399543 
0.0524407373044662        0     0.05386579760098832 
0.011148955935610137      1     4.496409423522197   
0.6895351345790198        1     0.3717376264422094  
0.09194154276543533       1     2.3866023086117605  
0.0036282230627092374     0     0.003634821028100461
0.9916240218093795        1     0.008411253812613935
0.31929864571607425       1     1.1416284206857594  
0.17455300474641072       0     0.1918302269462202  
0.018781644334606648      1     3.974875251281694   
0.3666265664021243        1     1.003411479202345   
0.5656604331168263        0     0.833928638633363   
0.9609739209692612        1     0.03980800776897635 
0.23734607352325865       1     1.4382359771034936  
0.26275770193023923       1     1.3365229568849852  
0.01728487543122663       0     0.017436002902058743
0.8632506376568886        1     0.1470502040422953  
0.7671562086255684        0     1.457387473536324   
0.1327914678727262        1     2.01897529195013    
0.9362618613563437        1     0.06586007522551846 
0.18893084192184662       1     1.6663742466434266  
0.9910350716065149        1     0.009005355160791402
0.9882264801870763        1     0.01184337654509178 
0.8044018699287504        1     0.21765629646084422 
0.9975153355544265        1     0.0024877563468970864
0.9095444274541379        0     2.4028964599080047  
0.604307650397332         0     0.9271182646096837  
0.98413756106724          1     0.015989593868128992
0.8069674626992247        1     0.21447193036116716 
0.9589922660254828        1     0.04187226875532359 
0.8673076533356732        1     0.14236151700727454 
0.887920185315891         0     2.1885440303799037  
0.9999940743829866        1     5.925634569940401e-06
0.01344822402673468       0     0.01353947038252388 
0.19150747691960252       1     1.6528284271570395  
0.9990155864760931        0     6.9234645013185805  
0.042185468377486234      0     0.04310111931305293 
0.9960465615833132        0     5.533169593484484   
0.9709493741959027        0     3.53871525360653    
0.9583699012688355        1     0.04252145730104664 
0.04684735764285128       1     3.060860672254301   
0.09081841904653284       1     2.3988931610113804  
0.5978090292262006        1     0.5144839251543601  
0.5888148084253382        0     0.8887115781971893  
0.1507582909046258        1     1.8920774471782003  
0.9970247662744286        0     5.817432679853194   
0.05175382248432782       1     2.961256985133046   
0.6765181598177484        1     0.3907959879507271  
0.9909167199895237        1     0.009124784520913849
0.3586211334753019        1     1.0254887862645519  
0.23832288310593513       1     1.434128873025516   
0.9585351483422972        1     0.042349047015096765
0.9384165594480449        1     0.06356133532793237 
0.019112981046840657      1     3.9573875388172395  
0.8478764603985894        1     0.16502033729533414 
0.5149125048192467        1     0.6637582863068066  
0.8567602379947052        1     0.1545971684946675  
0.403579729791014         1     0.9073812152747931  
0.9962364871337147        1     0.003770612699974295
0.029563154516349912      0     0.030008952695899593
0.715835875182341         0     1.2582033034557754  
0.647417157783962         1     0.4347644352400655  
0.12182713161555556       0     0.12991181590652873 
0.7127138106407147        1     0.33867532674608736 
0.9894367977459438        1     0.010619388899191583
0.7990048241113495        0     1.6044743717650571  
0.9487151830841843        1     0.05264664861715234 
0.9921139190706173        1     0.007917340517816819
0.5503534106125205        0     0.799293361688788   
0.6482912327584773        0     1.044951811631149   
0.9993892126879224        0     7.400761757465474   
0.9138936547826059        0     2.452172174359168   
0.9988005850420845        1     0.001200134831712007
0.9815755599610787        0     3.9940772327432557  
0.7538384163238578        0     1.4017671144655561  
0.9924565208930971        0     4.8870717833701045  
0.1028022211866732        0     0.10847895202647918 
0.02893699383744542       0     0.029363924883938974
0.1810263633592541        1     1.7091126044042824  
0.012257298146966532      1     4.401633752290855   
0.09820668263931838       0     0.10336992335673989 
0.03667541062168542       0     0.03736486335487871 
0.9999764203124055        0     10.655124911692724  
0.00637402676327372       1     5.055523864176585   
0.9565946992046029        0     3.1371737071912444  
0.38837975194940266       0     0.49164369878689007 